name: standard
max_domain_size: 16.0
sdf_mean: -1.9543675788534083
sdf_std: 2.3828220496517227
absmax_temp: 439.761474609375
temp_mean: 0.8472274883296446
temp_std: 2.247220155805817
velx_mean: -0.004889965940161482
velx_std: 0.44531233555244765
vely_mean: 0.05534353353964971
vely_std: 0.5429765872331136
fluid_params_min:
  bulk_temp: -204
  cpgas: 0.5501
  dt: 0.1
  gravx: 0.0
  gravy: -1.0
  gravz: 0.0
  heater:
    advAngle: 45.0
    nucWaitTime: 0.4
    rcdAngle: 45.0
    velContact: 0.2
    wallTemp: -191.0
    xMax: 5.25
    xMin: -5.25
    yMax: 9.9999998245167e-14
    yMin: 0.0
    zMax: 5.25
    zMin: -5.25
  inflow_velscale: 1.0
  inv_reynolds: 0.001845
  mugas: 0.02809
  num_blocks_x: 32
  num_blocks_y: 32
  nx_block: '16'
  ny_block: '16'
  prandtl: 2.28
  rhogas: 0.004442
  sat_temp: -196
  stefan: 0.0512
  t_final: 200.0
  t_initial: 0.0
  thcogas: 0.1158
  x_max: 8.0
  x_min: -8.0
  y_max: 16.0
  y_min: 0.0

fluid_params_max:
  bulk_temp: 58
  cpgas: 0.7997
  dt: 5.0
  gravx: 0.0
  gravy: -1.0
  gravz: 0.0
  heater:
    advAngle: 90.0
    nucWaitTime: 1.0
    rcdAngle: 45.0
    velContact: 0.20000000298023224
    wallTemp: 116.0
    xMax: 5.25
    xMin: -5.25
    yMax: 9.9999998245167e-14
    yMin: 0.0
    zMax: 5.25
    zMin: -5.25
  inflow_velscale: 1.0
  inv_reynolds: 0.0043
  mugas: 0.03351
  num_blocks_x: 32
  num_blocks_y: 32
  nx_block: '16'
  ny_block: '16'
  prandtl: 7.35
  rhogas: 0.008687
  sat_temp: 58
  stefan: 0.8613
  t_final: 200.0
  t_initial: 0.0
  thcogas: 0.494
  x_max: 8.0
  x_min: -8.0
  y_max: 16.0
  y_min: 0.0